Extraction result 青叶灵异事务所 156883 31.4 4928938 0.3475 0.4972 0.008108008951828888
瘦子, 他, 317, 75, 4290, 195, 1159
吴灵, 她, 200, 257, 4089, 4014, 1380
叶青, 他, 371, 15, 3612, 4087, 1310
女人, 她, 110, 481, 3328, 0, 440
古陌, 他, 343, 32, 3084, 1014, 924
男人, 他, 397, 57, 2946, 0, 406
陈晓丘, 她, 126, 182, 2904, 3075, 1111
郭玉洁, 她, 89, 202, 2296, 2415, 1133
胖子, 他, 123, 36, 2024, 89, 419
妹妹, 她, 18, 131, 1832, 0, 335
女孩, 她, 40, 360, 1831, 0, 196
南宫耀, 他, 145, 17, 1746, 1414, 609
陈逸涵, 他, 128, 21, 1407, 1507, 650
刘淼, 他, 153, 18, 1394, 1469, 699
警察, 他, 114, 51, 1259, 0, 59
小孩, 他, 121, 45, 1233, 0, 72
两人, 他, 61, 24, 1108, 0, 57
视频, 他, 57, 32, 1108, 0, 24
莫晓玲, 她, 36, 200, 1077, 1184, 568
南天, 他, 114, 10, 1057, 51, 217
画面, 他, 55, 26, 1052, 0, 24
镜头, 他, 63, 36, 1040, 0, 41
女鬼, 她, 28, 100, 1032, 1, 59
其他人, 他, 59, 16, 948, 0, 12
吕巧岚, 她, 14, 77, 838, 907, 440
韩赟, 他, 118, 13, 777, 836, 474
妈妈, 她, 22, 51, 733, 0, 140
老太太, 她, 16, 85, 671, 0, 132
黑姐, 她, 24, 68, 618, 34, 142
金珊珊, 她, 22, 97, 600, 661, 397
老人, 他, 79, 8, 587, 0, 74
那个人, 他, 88, 16, 585, 0, 42
老头, 他, 50, 12, 549, 0, 137
青叶的人, 他, 30, 3, 544, 0, 27
爸爸, 他, 18, 11, 526, 0, 43
医生, 他？, 26, 19, 522, 0, 38
年轻人, 他, 68, 5, 500, 0, 59
郁川峰, 他, 88, 9, 496, 323, 207
司机, 他, 58, 5, 452, 0, 87
毛主任, 她, 19, 39, 450, 48, 384
女生, 她, 7, 35, 424, 0, 42
秦疏, 他, 40, 4, 398, 142, 179
恶鬼, 她, 16, 30, 393, 0, 11
玄青真人, 他, 49, 0, 388, 0, 260
对方, 他, 27, 8, 387, 0, 28
武晨曦, 她, 5, 93, 385, 403, 263
薛静悦, 她, 20, 38, 381, 396, 244
李星方, 他, 56, 10, 380, 417, 298
男孩, 他, 33, 6, 374, 0, 51
老领导, 他, 53, 5, 369, 0, 67
叶正一, 他, 53, 2, 368, 240, 239
恶魔, 他, 10, 0, 365, 0, 24
冥西特, 她, 1, 25, 359, 341, 228
欧阳, 她, 10, 45, 357, 393, 242
两个人, 他, 17, 7, 351, 0, 11
许久, 他, 23, 11, 328, 1, 110
任琵, 他, 47, 18, 327, 294, 204
卢嫚宁, 她, 5, 69, 304, 361, 242
和尚, 他, 21, 1, 300, 0, 36
丽娜, 她, 10, 30, 299, 348, 209
大虾, 他, 79, 4, 292, 0, 37
刘向前, 他, 62, 5, 286, 310, 254
老板, 他, 22, 10, 279, 0, 17
李宇, 他, 100, 1, 279, 288, 207
沐爱, 她, 9, 20, 273, 229, 167
少年, 他, 25, 0, 272, 1, 24
作死小能手, 他, 49, 0, 269, 0, 76
郑摩天, 他, 82, 0, 269, 286, 206
中年人, 他, 37, 4, 268, 0, 63
阮寒, 他, 58, 0, 267, 270, 219
宋贤, 她, 7, 39, 267, 299, 207
护士, 她, 5, 17, 263, 0, 33
沐歌, 他, 21, 10, 257, 229, 175
莫问, 他, 28, 0, 254, 0, 27
幻光, 他, 32, 4, 254, 7, 73
刘良旺, 他, 28, 5, 243, 249, 179
小姑娘, 她, 3, 23, 237, 0, 16
程麟, 他, 48, 3, 237, 244, 212
岛田太太, 她, 17, 31, 235, 0, 210
恩娜, 她, 7, 49, 235, 263, 108
工作人员, 他, 11, 6, 235, 0, 10
顾颜, 她, 10, 27, 231, 150, 112
白安, 他, 20, 3, 228, 132, 93
占卜师, 他, 34, 6, 227, 0, 31
庄怀, 他, 23, 6, 226, 230, 180
后头, 他？, 7, 3, 224, 0, 10
阮玉霞, 她, 6, 70, 223, 231, 177
几个人, 他, 11, 5, 219, 0, 13
朱云, 她, 5, 53, 218, 235, 180
保安, 他, 16, 6, 217, 0, 42
吴明乐, 她, 0, 34, 216, 244, 169
楚润, 他, 30, 0, 214, 210, 147
克里斯蒂娜, 她, 3, 21, 214, 236, 145
韩霁, 她, 3, 28, 212, 147, 91
记者, 他, 13, 8, 209, 0, 11
祁白, 她, 11, 24, 208, 233, 146
萧天赐, 他, 22, 1, 205, 241, 147
导演, 他, 12, 6, 202, 0, 21
王阎, 她, 7, 33, 201, 217, 134
萧赢, 他, 42, 1, 191, 147, 154
周围人, 他, 10, 6, 187, 0, 11
蒋佑, 他, 15, 0, 186, 187, 136
小女孩, 她, 6, 32, 185, 0, 32
徐钢, 他, 24, 3, 185, 210, 150
尤静, 她, 3, 41, 184, 185, 124
吴葺仁, 他, 21, 6, 180, 185, 146
陶海, 他, 20, 3, 177, 194, 125
徐铁, 他, 18, 2, 176, 182, 114
马处长, 他, 22, 2, 176, 0, 152
钱兰, 她？, 4, 9, 175, 194, 170
本田, 他, 35, 4, 175, 9, 32
陈子安, 他, 22, 2, 173, 181, 161
田奕凡, 他, 48, 0, 168, 195, 167
大爷, 他, 4, 0, 166, 0, 28
金海枫, 她, 4, 12, 164, 190, 138
王怡君, 她, 6, 38, 163, 188, 149
李望溪, 她, 3, 40, 162, 171, 142
雷音音, 她, 10, 52, 162, 131, 97
鬼语, 她, 5, 21, 161, 0, 15
褚兰, 她, 6, 40, 161, 199, 138
十月, 他, 28, 5, 160, 0, 54
袁小梅, 她？, 15, 17, 159, 185, 157
快递鬼, 她, 3, 21, 157, 0, 23
郑欣欣, 她？, 5, 7, 154, 185, 135
万季生, 他, 17, 11, 154, 177, 144
李墨浅, 她, 6, 20, 153, 176, 96
古装鬼, 他, 12, 2, 152, 0, 16
徐天成, 他, 27, 7, 152, 156, 124
秦怡娟, 她, 6, 11, 147, 168, 135
马一兵, 他, 13, 5, 145, 113, 123
温特太太, 她, 10, 26, 145, 0, 110
徐光宗, 他, 18, 1, 141, 164, 129
程久, 他, 34, 9, 140, 134, 122
那人, 他, 9, 0, 138, 0, 14
申小容, 他, 31, 2, 138, 146, 107
陶政, 他, 33, 0, 138, 131, 109
小古, 他, 5, 1, 137, 12, 74
周凯威, 他, 14, 4, 134, 164, 120
王小帅, 他, 20, 2, 133, 147, 110
苏小雨, 她, 4, 15, 130, 138, 121
熊哥, 他, 24, 0, 130, 68, 108
袁康, 他, 28, 1, 129, 143, 120
张小军, 他, 34, 1, 126, 136, 107
孟华, 他, 22, 0, 125, 132, 105
诸葛闻, 他, 38, 4, 122, 1, 101
黄天, 他, 18, 1, 121, 116, 87
众人, 他, 5, 1, 120, 0, 10
老先生, 他？, 5, 3, 119, 0, 15
周腾飞, 他, 23, 2, 119, 21, 60
青年, 他, 10, 0, 118, 0, 16
虞小琴, 她, 2, 19, 117, 127, 104
张佳鑫, 他, 8, 0, 113, 133, 122
红哥, 他, 11, 0, 112, 31, 63
罗牧, 他, 11, 1, 112, 120, 103
吕文山, 他？, 9, 4, 111, 140, 105
罗永华, 他, 35, 3, 110, 118, 104
姜永宁, 他, 14, 4, 110, 135, 116
徐光明, 他, 25, 2, 110, 115, 84
刘志国, 他, 14, 5, 109, 110, 84
袁记者, 她？, 3, 7, 104, 0, 96
常大爷, 他, 18, 2, 104, 0, 92
卞思君, 她？, 4, 9, 104, 108, 96
王大爷, 他？, 7, 3, 103, 0, 106
康康, 他？, 4, 4, 103, 84, 86
袁志毅, 他, 13, 3, 103, 116, 97
豹哥, 他, 12, 3, 102, 5, 102
西装男, 他, 22, 0, 101, 0, 30
高桥, 他, 18, 0, 101, 78, 60
孕妇, 她, 4, 38, 101, 0, 16
刘英杰, 他, 15, 4, 99, 102, 102
郑伟, 他, 7, 1, 99, 105, 51
侦探, 他, 9, 2, 98, 0, 12
皮衣男, 他, 16, 1, 97, 2, 53
阿朵, 她, 1, 20, 97, 104, 89
沈望舒, 她, 3, 31, 97, 106, 81
卡兰, 她, 2, 15, 96, 93, 95
道士, 他, 6, 0, 96, 0, 10
王明丽, 她, 2, 14, 94, 100, 76
韩小姐, 她, 2, 7, 93, 0, 83
赵航, 他, 12, 0, 92, 97, 66
小甜, 她, 4, 11, 90, 14, 40
谢柳, 他, 11, 6, 90, 86, 84
姚聂, 他？, 9, 4, 90, 88, 90
中年女人, 她, 2, 11, 89, 0, 23
宁辙, 他, 8, 0, 88, 73, 77
李石, 他, 13, 0, 87, 92, 62
红毛, 他, 7, 0, 87, 0, 35
何静萍, 她, 3, 22, 87, 97, 80
小张, 他, 19, 3, 84, 0, 73
群主, 他, 21, 0, 83, 0, 28
孙彬, 他, 24, 0, 80, 88, 88
天天, 她, 1, 9, 78, 3, 24
雷戈, 他, 19, 0, 76, 74, 64
丘明, 他？, 9, 4, 75, 73, 60
米岳, 他, 12, 0, 74, 74, 58
胡夏伊, 她, 3, 12, 73, 82, 52
童冉冉, 他？, 6, 5, 72, 10, 40
李鹏, 她？, 4, 6, 71, 76, 76
店员, 他？, 5, 4, 71, 0, 19
小恬, 她, 2, 10, 70, 56, 58
李霜白, 她, 2, 17, 70, 70, 53
时非, 他, 10, 1, 70, 11, 38
中年男人, 他, 9, 0, 67, 0, 14
万队长, 他？, 6, 3, 67, 0, 67
徐风, 他, 6, 2, 66, 69, 61
大妈, 他？, 4, 2, 66, 0, 14
元凌, 他, 5, 1, 66, 56, 44
秋子扬, 他, 9, 0, 65, 11, 56
王小朋, 他, 10, 0, 64, 66, 67
张山, 他, 10, 4, 64, 63, 53
余新嵘, 他, 4, 1, 64, 64, 64
汪佳佳, 她, 1, 15, 64, 67, 67
张栋梁, 他, 12, 2, 64, 68, 68
彭冬圆, 她？, 5, 9, 63, 66, 66
唐书记, 他？, 2, 0, 63, 0, 58
刘志军, 她？, 3, 5, 62, 62, 36
小卷头, 他, 6, 1, 62, 0, 26
宁国伟, 他, 9, 0, 61, 63, 63
刘海青, 他, 20, 1, 61, 64, 52
汤雯, 她？, 4, 7, 60, 63, 49
鹦鹉, 他？, 1, 0, 60, 0, 13
苏城, 他, 23, 0, 60, 15, 15
朱玫, 她, 1, 18, 60, 69, 56
雷百合, 她, 3, 13, 60, 61, 45
蔡临, 他, 13, 1, 59, 63, 63
岳祖荣, 他, 15, 0, 58, 60, 52
翔子, 他, 5, 1, 57, 61, 61
安娜, 她, 1, 5, 56, 58, 48
张雪, 她？, 7, 9, 55, 62, 50
徐昼, 她, 2, 6, 55, 54, 34
程欣馨, 她, 0, 13, 55, 57, 41
韩杰笙, 他, 11, 3, 54, 57, 57
赵先生, 他, 8, 0, 54, 0, 57
楚导, 他？, 5, 2, 54, 28, 28
丁华, 他, 10, 0, 54, 62, 62
泰尔斯, 他, 8, 0, 54, 56, 56
赵佳音, 她？, 3, 5, 52, 56, 45
申先生, 他, 6, 0, 52, 0, 57
老者, 他, 7, 0, 51, 0, 10
常发财, 他？, 2, 1, 51, 0, 13
孙先生, 他？, 5, 3, 51, 0, 54
柴樱, 她, 1, 6, 51, 12, 12
周富胜, 他, 6, 0, 51, 51, 29
吴雪, 她？, 1, 2, 50, 53, 54
胡杰, 他？, 6, 3, 50, 55, 55
小林, 他？, 2, 0, 50, 44, 23
史菲菲, 她, 1, 7, 49, 59, 59
经纪人, 她？, 2, 3, 49, 0, 10
张筱嘉, 她, 0, 4, 49, 52, 52
仲村, 他, 14, 1, 49, 42, 42
于先生, 他？, 1, 0, 48, 0, 13
李月月, 她, 2, 13, 47, 50, 50
洪小爱, 他, 3, 1, 47, 12, 40
邵建国, 他, 9, 0, 47, 47, 47
罗江雁, 她, 1, 8, 47, 47, 47
小耶, 他, 3, 0, 46, 31, 40
胖店长, 他, 4, 0, 44, 0, 13
艾飞, 她, 2, 6, 44, 46, 38
月凌晴, 她？, 3, 6, 44, 0, 31
阿语, 她, 0, 5, 43, 1, 11
老三, 他, 5, 0, 42, 0, 16
大婶, 她？, 0, 2, 42, 0, 15
苏翡, 她, 1, 6, 42, 34, 40
马老太, 她？, 0, 1, 42, 0, 45
鸟窝头, 他？, 1, 0, 40, 0, 23
傅赢, 她, 1, 3, 39, 33, 37
秋子, 他, 4, 0, 38, 79, 30
蓝晨光, 他, 7, 0, 38, 41, 41
赵太太, 她, 1, 3, 37, 0, 39
莉莉, 她？, 0, 1, 37, 24, 24
胡广胜, 他？, 5, 2, 37, 40, 40
赵勇男, 他？, 1, 1, 36, 31, 33
胡凯, 他, 3, 0, 36, 44, 33
孙嘉悦, 她, 1, 5, 36, 41, 41
吉永女士, 她, 1, 6, 35, 0, 35
黄文, 他, 8, 0, 35, 35, 35
秦开, 他, 3, 0, 34, 26, 27
歪嘴, 他, 6, 0, 34, 0, 18
岚岚, 她？, 0, 2, 34, 35, 35
杰克逊, 他, 5, 0, 34, 56, 14
徐阿姨, 他？, 2, 2, 33, 0, 34
网管, 他, 4, 0, 33, 0, 17
申安康, 他, 8, 0, 33, 31, 31
李太太, 他？, 2, 0, 31, 0, 31
园长, 他, 3, 0, 30, 1, 10
杨经理, 他？, 2, 0, 30, 0, 30
阿永, 他, 6, 0, 30, 30, 30
古川, 他？, 2, 1, 30, 20, 20
小头目, 他, 5, 0, 29, 0, 10
王慧, 他？, 2, 0, 28, 28, 29
庄韬, 他, 3, 0, 26, 26, 26
申太太, 他？, 3, 3, 26, 0, 26
其中一人, 她？, 2, 4, 26, 0, 10
唐书记的儿子, 他, 5, 0, 26, 0, 26
苏先生, 他, 4, 0, 26, 0, 27
姜先生, 他？, 2, 0, 26, 0, 27
史荣国, 他, 7, 0, 26, 30, 30
程先生, 他, 5, 0, 26, 0, 26
小平头, 他, 4, 0, 24, 0, 14
板寸男, 他？, 0, 0, 24, 4, 16
刘老师, 他？, 1, 1, 24, 0, 24
田福, 他？, 2, 0, 23, 23, 23
长袍男, 他, 3, 0, 22, 0, 11
汤姆, 他, 6, 1, 21, 22, 22
胡国华, 他, 3, 0, 20, 21, 21
罗医生, 他？, 2, 0, 19, 0, 21
朱队长, 他, 3, 0, 19, 0, 18
老姚, 他？, 0, 0, 18, 0, 20
武太太, 她？, 0, 1, 18, 0, 21
何娟, 她？, 0, 1, 16, 17, 17
柳晴, 她, 0, 3, 15, 15, 15
李家明, 他, 4, 1, 14, 14, 14
杰克逊太太, 他？, 2, 2, 14, 0, 15
岛田家的儿子, 他, 4, 0, 13, 0, 13
张雄, 他？, 1, 0, 12, 13, 13
李若岚, 她？, 0, 1, 11, 11, 11
